          nc          md     U [m/s]       d [m]    m [kg/m]       L [m]       H [N]          Nt      Dt [s]      tf [s]    ymax [m]       filename
           1           1         0.9       0.025        1.57           1         500       18015      0.0004       7.206 7.68195e-08    Data1.1.bin
           2           1        0.92       0.025        1.57           1         500      100000      0.0004          40 0.000204936    Data1.2.bin
           3           1        0.95       0.025        1.57           1         500       38068      0.0004     15.2272 2.68494e-05    Data1.3.bin
           4           1        0.99       0.025        1.57           1         500       26408      0.0004     10.5632 1.79924e-05    Data1.4.bin
           5           1        1.01       0.025        1.57           1         500       42788      0.0004     17.1152 1.77103e-05    Data1.5.bin
           6           1       1.265       0.025        1.57           1         500       10000      0.0004           4 3.28435e-06    Data1.6.bin
           7           1        1.86       0.025        1.57           1        2000      100000      0.0004          40 0.000329574    Data1.7.bin
           8           1        1.89       0.025        1.57           1        2000      100000      0.0004          40  0.00174902    Data1.8.bin
           9           1         1.9       0.025        1.57           1        2000      100000      0.0004          40   0.0018632    Data1.9.bin
          10           1        1.91       0.025        1.57           1        2000       53081      0.0004     21.2324  0.00145865   Data1.10.bin
          11           1       1.915       0.025        1.57           1        2000       50000      0.0004          20   0.0013586   Data1.11.bin
          12           1        1.92       0.025        1.57           1        2000      100000      0.0004          40  0.00180564   Data1.12.bin
          13           1        1.93       0.025        1.57           1        2000       50000      0.0004          20 0.000981329   Data1.13.bin
          14           1        1.94       0.025        1.57           1        2000      100000      0.0004          40 0.000447588   Data1.14.bin
          15           1        1.96       0.025        1.57           1        2000       33316      0.0004     13.3264 0.000122061   Data1.15.bin
          16           1        3.75       0.025        1.57           1        8000       50000      0.0002          10 0.000156551   Data1.16.bin
          17           1         3.8       0.025        1.57           1        8000       50000      0.0002          10 0.000572583   Data1.17.bin
          18           1        3.81       0.025        1.57           1        8000       50000      0.0002          10 0.000632481   Data1.18.bin
          19           1        3.82       0.025        1.57           1        8000       50000      0.0002          10  0.00109182   Data1.19.bin
          20           1       3.825       0.025        1.57           1        8000       50000      0.0002          10  0.00110589   Data1.20.bin
          21           1        3.83       0.025        1.57           1        8000       50000      0.0002          10  0.00113187   Data1.21.bin
          22           1       3.835       0.025        1.57           1        8000       50000      0.0002          10  0.00113716   Data1.22.bin
          23           1        3.84       0.025        1.57           1        8000       50000      0.0002          10  0.00116006   Data1.23.bin
          24           1       3.845       0.025        1.57           1        8000       50000      0.0002          10  0.00101345   Data1.24.bin
          25           1        3.85       0.025        1.57           1        8000       50000      0.0002          10 0.000379573   Data1.25.bin
          26           1        7.58       0.025        1.57           1       32000       50000      0.0001           5 0.000504874   Data1.26.bin
          27           1         7.6       0.025        1.57           1       32000       50000      0.0001           5 0.000490278   Data1.27.bin
          28           1        7.62       0.025        1.57           1       32000       50000      0.0001           5  0.00117899   Data1.28.bin
          29           1        7.65       0.025        1.57           1       32000       50000      0.0001           5  0.00116434   Data1.29.bin
          30           1        7.68       0.025        1.57           1       32000       50000      0.0001           5  0.00112704   Data1.30.bin
          31           1        7.75       0.025        1.57           1       32000       50000      0.0001           5 0.000343051   Data1.31.bin
